73
AVXbnk80.def 101111111111111111111111111111111111111111111111 010000000000000000000000000000000000000000000000 111111111 011111111 16 31 0 0
avblktgr.def 101111111111111111111111111111111111111111111111 010000000000000000000000000000000000000000000000 111111111 000010100 16 27 0 0
avcmetrs.def 000111111111111111111111111111111111111111111111 010000000000000000000000000000000000000000000000 000001000 000001000 16 29 0 0
AVXbnk9s.def 001111111111111111111111111111111111111111111111 100000000000000000000000000000000000000000000000 111111111 000001000 16 30 0 0
avblktsn.def 101111111111111111111111111111111111111111111111 010000000000000000000000000000000000000000000000 111111111 000001000 16 27 0 0
avcmetrh.def 000111111111111111111111111111111111111111111111 010000000000000000000000000000000000000000000000 000110100 000110100 16 29 0 0
SANCT_WT.def 001111110011111111111111111111111111111111111111 100000000000000000000000000000000000000000000000 100000000 100000000 16 21 0 0
avmnsion.def 000111111111111111111111111111111111111111111111 010000000000000000000000000000000000000000000000 111111111 011111111 16 24 0 0
avredtwr.def 110111111101111111111111111111111111111111111111 001000000000000000000000000000000000000000000000 111111111 011111111 16 26 0 0
avblktwr.def 101111111111111111111111111111111111111111111111 010000000000000000000000000000000000000000000000 111111111 011100011 16 27 0 0
avcmetry.def 000111111111111111111111111111111111111111111111 010000000000000000000000000000000000000000000000 011000001 011000001 16 29 0 0
AVXbnk90.def 001111111111111111111111111111111111111111111111 100000000000000000000000000000000000000000000000 111111111 011110111 16 30 0 0
avwrhswd.def 001111111111111111111111111111111111111111111111 100000000000000000000000000000000000000000000000 111111111 011111111 142 0 0 0
avwrhsmc.def 001111111111111111111111111111111111111111111111 100000000000000000000000000000000000000000000000 111111111 011111111 142 1 0 0
avwrhsor.def 001111111111111111111111111111111111111111111111 100000000000000000000000000000000000000000000000 111111111 011111111 142 2 0 0
avwrhssf.def 001111111111111111111111111111111111111111111111 100000000000000000000000000000000000000000000000 111111111 011111111 142 3 0 0
avwrhscr.def 001111111111111111111111111111111111111111111111 100000000000000000000000000000000000000000000000 111111111 011111111 142 4 0 0
avwrhsgm.def 001111111111111111111111111111111111111111111111 100000000000000000000000000000000000000000000000 111111111 011111111 142 5 0 0
avwrhsgl.def 001111111111111111111111111111111111111111111111 100000000000000000000000000000000000000000000000 111111111 011111111 142 6 0 0
AVXsktrs.def 001111111111111111111111111111111111111111111111 100000000000000000000000000000000000000000000000 111111111 011111111 63 118 1 0
CB1.def 000111111111111111111111111111111111111111111111 010000000000000000000000000000000000000000000000 011000001 011000001 16 33 1 0
CB2.def 001111111111111111111111111111111111111111111111 100000000000000000000000000000000000000000000000 000000101 000000101 16 34 1 0
CB3.def 000111111111111111111111111111111111111111111111 010000000000000000000000000000000000000000000000 001000101 001000101 16 35 1 0
CB4.def 011111111111111111111111111111111111111111111111 100000000000000000000000000000000000000000000000 001100011 001100011 16 36 1 0
CB6.def 101111111011111111111111111111111111111111111111 010000000000000000000000000000000000000000000000 011111111 011111111 16 38 1 0
CB7.def 000111111111111111111111111111111111111111111111 010000000000000000000000000000000000000000000000 010010000 010010000 16 39 1 0
CB8.def 001111110011111111111111111111111111111111111111 000000000100000000000000000000000000000000000000 100000000 100000000 16 40 1 0
CB9.def 000111111111111111111111111111111111111111111111 010000000000000000000000000000000000000000000000 011100001 011100001 16 41 1 0
CB10.def 011111111111111111111111111111111111111111111111 100000000000000000000000000000000000000000000000 011100011 011100011 16 42 1 0
CB13.def 001111111111111111111111111111111111111111111111 100000000000000000000000000000000000000000000000 000000100 000000100 16 45 1 0
CB14.def 001111111111111111111111111111111111111111111111 010000000000000000000000000000000000000000000000 100000000 100000000 16 46 1 0
CB15.def 100011111000111111111111111111111111111111111111 010000000000000000000000000000000000000000000000 000000100 000000100 16 47 1 0
CB20.def 001111111111111111111111111111111111111111111111 010000000000000000000000000000000000000000000000 001000001 001000001 16 52 1 0
CB21.def 011111111001111111111111111111111111111111111111 100000000000000000000000000000000000000000000000 111111111 011111111 16 53 1 0
CB22.def 001111111111111111111111111111111111111111111111 010000000000000000000000000000000000000000000000 111111111 011111111 16 54 1 0
CB23.def 000111111001111111111111111111111111111111111111 100000000000000000000000000000000000000000000000 111111111 011111111 16 55 1 0
CB24.def 001111111111111111111111111111111111111111111111 100000000000000000000000000000000000000000000000 111111111 011111111 16 56 1 0
CB25.def 001111111111111111111111111111111111111111111111 100000000000000000000000000000000000000000000000 111111111 011111111 16 57 1 0
CB26.def 000111111111111111111111111111111111111111111111 010000000000000000000000000000000000000000000000 111111111 011111111 16 58 1 0
CB27.def 000111111111111111111111111111111111111111111111 100000000000000000000000000000000000000000000000 111111111 011111111 16 59 1 0
CB28.def 100111111111111111111111111111111111111111111111 001000000000000000000000000000000000000000000000 111111111 011111111 16 60 1 0
CB29.def 101111111001111111111111111111111111111111111111 010000000000000000000000000000000000000000000000 111111111 011111111 16 61 1 0
CB30.def 001111111111111111111111111111111111111111111111 100000000000000000000000000000000000000000000000 111111111 011111111 16 62 1 0
CB31.def 001111111111111111111111111111111111111111111111 100000000000000000000000000000000000000000000000 111111111 011111111 16 63 1 0
CB32.def 100111111111111111111111111111111111111111111111 001000000000000000000000000000000000000000000000 010000000 010000000 16 64 1 0
CB34.def 001111111011111111111111111111111111111111111111 100000000000000000000000000000000000000000000000 111111111 011111111 16 66 1 0
CB35.def 001111111111111111111111111111111111111111111111 100000000000000000000000000000000000000000000000 111111111 011111111 16 67 1 0
CB36.def 001111111111111111111111111111111111111111111111 100000000000000000000000000000000000000000000000 111111111 011111111 16 68 1 0
CB37.def 001111111111111111111111111111111111111111111111 100000000000000000000000000000000000000000000000 111111111 011111111 16 69 1 0
CB38.def 001111111111111111111111111111111111111111111111 100000000000000000000000000000000000000000000000 111111111 011111111 16 70 1 0
CB39.def 001111111111111111111111111111111111111111111111 100000000000000000000000000000000000000000000000 111111111 011111111 16 71 1 0
CB40.def 001111111111111111111111111111111111111111111111 100000000000000000000000000000000000000000000000 111111111 011111111 16 72 1 0
CB41.def 001111111111111111111111111111111111111111111111 100000000000000000000000000000000000000000000000 111111111 011111111 16 73 1 0
CB42.def 001111111111111111111111111111111111111111111111 100000000000000000000000000000000000000000000000 111111111 011111111 16 74 1 0
CB43.def 001111111111111111111111111111111111111111111111 010000000000000000000000000000000000000000000000 111111111 011111111 16 75 1 0
CB44.def 001111111111111111111111111111111111111111111111 010000000000000000000000000000000000000000000000 111111111 011111111 16 76 1 0
CB45.def 001111111111111111111111111111111111111111111111 100000000000000000000000000000000000000000000000 111111111 011111111 16 77 1 0
CB46.def 001111111111111111111111111111111111111111111111 010000000000000000000000000000000000000000000000 111111111 011111111 16 78 1 0
CB47.def 001111111111111111111111111111111111111111111111 100000000000000000000000000000000000000000000000 111111111 011111111 16 79 1 0
CB48.def 001111111111111111111111111111111111111111111111 100000000000000000000000000000000000000000000000 111111111 011111111 16 80 1 0
CB49.def 001111111011111111111111111111111111111111111111 100000000000000000000000000000000000000000000000 111111111 011111111 16 81 1 0
CB50.def 001111111111111111111111111111111111111111111111 100000000000000000000000000000000000000000000000 111111111 011111111 16 82 1 0
CB51.def 001111111111111111111111111111111111111111111111 100000000000000000000000000000000000000000000000 111111111 011111111 16 83 1 0
CB52.def 001111111111111111111111111111111111111111111111 100000000000000000000000000000000000000000000000 111111111 011111111 16 84 1 0
CB53.def 001111111111111111111111111111111111111111111111 010000000000000000000000000000000000000000000000 111111111 011111111 16 85 1 0
CB54.def 001111111111111111111111111111111111111111111111 100000000000000000000000000000000000000000000000 111111111 011111111 16 86 1 0
CB55.def 001111111111111111111111111111111111111111111111 100000000000000000000000000000000000000000000000 111111111 011111111 16 87 1 0
CB56.def 001111111111111111111111111111111111111111111111 100000000000000000000000000000000000000000000000 111111111 011111111 16 88 1 0
CB57.def 001111111111111111111111111111111111111111111111 010000000000000000000000000000000000000000000000 111111111 011111111 16 89 1 0
CB58.def 001111111111111111111111111111111111111111111111 100000000000000000000000000000000000000000000000 111111111 011111111 16 90 1 0
CB59.def 001111111111111111111111111111111111111111111111 100000000000000000000000000000000000000000000000 111111111 011111111 16 91 1 0
CB60.def 001111111111111111111111111111111111111111111111 100000000000000000000000000000000000000000000000 111111111 011111111 16 92 1 0
CB97.def 001111111111111111111111111111111111111111111111 100000000000000000000000000000000000000000000000 111111111 011111111 16 93 1 0
